2025-02-23 23:02:27.813358: E external/local_xla/xla/stream_executor/cuda/cuda_fft.cc:485] Unable to register cuFFT factory: Attempting to register factory for plugin cuFFT when one has already been registered
2025-02-23 23:02:27.827805: E external/local_xla/xla/stream_executor/cuda/cuda_dnn.cc:8454] Unable to register cuDNN factory: Attempting to register factory for plugin cuDNN when one has already been registered
2025-02-23 23:02:27.832123: E external/local_xla/xla/stream_executor/cuda/cuda_blas.cc:1452] Unable to register cuBLAS factory: Attempting to register factory for plugin cuBLAS when one has already been registered
2025-02-23 23:02:29.439657: W tensorflow/compiler/tf2tensorrt/utils/py_utils.cc:38] TF-TRT Warning: Could not find TensorRT
Data: (6000, 2)
Label: (6000,)
SeqDataset Size 100 Sub Size [100, 100, 100, 100, 100, 100, 100, 100, 100, 100, 100, 100, 100, 100, 100, 100, 100, 100, 100, 100, 100, 100, 100, 100, 100, 100, 100, 100, 100, 100, 100, 100, 100, 100, 100, 100, 100, 100, 100, 100, 100, 100, 100, 100, 100, 100, 100, 100, 100, 100, 100, 100, 100, 100, 100, 100, 100, 100, 100, 100]
SeqDataset Size 100 Sub Size [100, 100, 100, 100, 100, 100, 100, 100, 100, 100, 100, 100, 100, 100, 100, 100, 100, 100, 100, 100, 100, 100, 100, 100, 100, 100, 100, 100, 100, 100, 100, 100, 100, 100, 100, 100, 100, 100, 100, 100, 100, 100, 100, 100, 100, 100, 100, 100, 100, 100, 100, 100, 100, 100, 100, 100, 100, 100, 100, 100]
[Test][0] Accuracy: total average 50.4, test average 50.4, in each domain [52.1 52.1 51.  45.8 54.2 51.  52.1 59.4 47.9 46.9 53.1 46.9 56.2 49.
 50.  52.1 52.1 50.  51.  54.2 46.9 46.9 49.  46.9 53.1 53.1 52.1 47.9
 43.8 46.9 55.2 51.  53.1 53.1 47.9 45.8 52.1 55.2 57.3 51.  50.  50.
 54.2 47.9 52.1 55.2 46.9 52.1 47.9 39.6 44.8 51.  46.9 51.  46.9 52.1
 54.2 47.9 44.8 51. ]
epoch 0, loss: {'D': 41.588829040527344, 'E_pred': 0.5445293315819332, 'Q_u_x': -0.6555288050855909, 'Q_z_x_u': -2.742883111750416e-06, 'P_z_x_u': -51.20000185285296, 'U_beta_R': 1.543108080114637, 'U_concentrate': 7.541088002068656, 'R': 0.00879009673371911, 'P_beta_alpha': 2.000740502561842}, lambda gan: 0.35
epoch 9, loss: {'D': 41.588826588221956, 'E_pred': 0.49487957784107756, 'Q_u_x': -0.6115212781088692, 'Q_z_x_u': 0.00020459333609323949, 'P_z_x_u': -51.20020702907017, 'U_beta_R': 0.9359114212649209, 'U_concentrate': 7.401556730270386, 'R': 0.01597064613763775, 'P_beta_alpha': 1.9962027498653956}, lambda gan: 0.35
[Test][9] Accuracy: total average 49.6, test average 49.7, in each domain [59.4 50.  49.  41.7 46.9 54.2 47.9 52.1 46.9 53.1 51.  42.7 51.  51.
 44.8 45.8 49.  53.1 52.1 54.2 47.9 46.9 46.9 53.1 55.2 53.1 50.  45.8
 49.  44.8 49.  46.9 54.2 49.  53.1 54.2 59.4 50.  45.8 44.8 45.8 46.9
 58.3 49.  49.  52.1 44.8 51.  45.8 47.9 51.  54.2 49.  43.8 44.8 43.8
 54.2 46.9 50.  53.1]
epoch 19, loss: {'D': 41.58882931300572, 'E_pred': 0.48685685651642935, 'Q_u_x': -0.5550255988325391, 'Q_z_x_u': 0.026696120239129022, 'P_z_x_u': -51.229325430733816, 'U_beta_R': 0.5878654292651585, 'U_concentrate': 7.399725573403495, 'R': 0.028075972305876867, 'P_beta_alpha': 1.9759129967008318}, lambda gan: 0.35
[Test][19] Accuracy: total average 59.1, test average 55.1, in each domain [ 52.1 100.    0.  100.    0.   97.9 100.    8.3   0.    0.   46.9   0.
  99.    0.   53.1  99.  100.  100.   85.4  51.    0.   68.8  97.9  99.
  77.1  61.5  99.   99.    0.   95.8 100.   99.   87.5   0.    0.   46.9
   1.    0.   94.8   3.1  93.8 100.   99.    0.    0.   87.5   0.  100.
 100.   99.    0.   97.9  99.   99.   87.5 100.    1.   78.1   0.   83.3]
epoch 29, loss: {'D': 41.58883912222726, 'E_pred': 0.0020474171706155175, 'Q_u_x': -0.5270601340702602, 'Q_z_x_u': 1.718789849962507, 'P_z_x_u': -52.91892569405692, 'U_beta_R': 0.5184045284986496, 'U_concentrate': 7.3997079985482355, 'R': 0.028784508417759622, 'P_beta_alpha': 1.9057148865291051}, lambda gan: 0.35
[Test][29] Accuracy: total average 56.4, test average 51.5, in each domain [ 36.5 100.    0.  100.    0.  100.  100.    0.    0.    0.   30.2   0.
 100.    0.   20.8 100.  100.  100.   71.9  26.    0.   55.2 100.  100.
  62.5  43.8 100.  100.    0.  100.  100.  100.   99.    0.    0.   18.8
   0.    0.  100.    0.  100.  100.  100.    0.    0.   90.6   0.  100.
 100.  100.    0.  100.  100.  100.   85.4 100.    0.   65.6   0.   76. ]
epoch 39, loss: {'D': 41.58882686070034, 'E_pred': 0.00011157099418466845, 'Q_u_x': -0.4843724114554269, 'Q_z_x_u': 1.4535457577024187, 'P_z_x_u': -52.65362957545689, 'U_beta_R': 0.5033522780452456, 'U_concentrate': 7.399620294570923, 'R': 0.0305231281423143, 'P_beta_alpha': 1.7669938036373682}, lambda gan: 0.35
[Test][39] Accuracy: total average 55.4, test average 50.5, in each domain [ 33.3 100.    0.  100.    0.  100.  100.    0.    0.    0.   25.    0.
 100.    0.   18.8 100.  100.  100.   68.8  15.6   0.   43.8 100.  100.
  58.3  38.5 100.  100.    0.  100.  100.  100.  100.    0.    0.   15.6
   0.    0.  100.    0.  100.  100.  100.    0.    0.   84.4   0.  100.
 100.  100.    0.  100.  100.  100.   89.6 100.    0.   60.4   0.   72.9]
epoch 49, loss: {'D': 41.588832310267854, 'E_pred': 1.0192640080016904e-05, 'Q_u_x': -0.45228332706860136, 'Q_z_x_u': 1.4578511118888855, 'P_z_x_u': -52.65791239057268, 'U_beta_R': 0.4939237598861967, 'U_concentrate': 7.399560349328177, 'R': 0.03135371833507504, 'P_beta_alpha': 1.6758290188653129}, lambda gan: 0.35
[Test][49] Accuracy: total average 54.6, test average 49.6, in each domain [ 21.9 100.    0.  100.    0.  100.  100.    0.    0.    0.   24.    0.
 100.    0.   14.6 100.  100.  100.   61.5  18.8   0.   42.7 100.  100.
  57.3  28.1 100.  100.    0.  100.  100.  100.  100.    0.    0.   13.5
   0.    0.  100.    0.  100.  100.  100.    0.    0.   85.4   0.  100.
 100.  100.    0.  100.  100.  100.   84.4 100.    0.   55.2   0.   69.8]
epoch 59, loss: {'D': 41.58883476257324, 'E_pred': -2.358377384682951e-05, 'Q_u_x': -0.4236627859728677, 'Q_z_x_u': 1.6091105937957764, 'P_z_x_u': -52.809137616838726, 'U_beta_R': 0.5131969388042178, 'U_concentrate': 7.399539606911795, 'R': 0.03278136067092419, 'P_beta_alpha': 1.6402002998760767}, lambda gan: 0.35
[Test][59] Accuracy: total average 54.2, test average 49.2, in each domain [ 25.  100.    0.  100.    0.  100.  100.    0.    0.    0.   18.8   0.
 100.    0.   14.6 100.  100.  100.   62.5  17.7   0.   37.5 100.  100.
  52.1  30.2 100.  100.    0.  100.  100.  100.  100.    0.    0.   12.5
   0.    0.  100.    0.  100.  100.  100.    0.    0.   80.2   0.  100.
 100.  100.    0.  100.  100.  100.   81.2 100.    0.   53.1   0.   68.8]
epoch 69, loss: {'D': 41.588967732020784, 'E_pred': -4.928090785532342e-05, 'Q_u_x': -0.40864827164581846, 'Q_z_x_u': 1.6346446531159537, 'P_z_x_u': -52.83467129298619, 'U_beta_R': 0.5028265821082252, 'U_concentrate': 7.399529082434518, 'R': 0.03262898751667568, 'P_beta_alpha': 1.623879270894187}, lambda gan: 0.35
[Test][69] Accuracy: total average 54.2, test average 49.1, in each domain [ 22.9 100.    0.  100.    0.  100.  100.    0.    0.    0.   25.    0.
 100.    0.   15.6 100.  100.  100.   60.4  17.7   0.   36.5 100.  100.
  53.1  27.1 100.  100.    0.  100.  100.  100.  100.    0.    0.   13.5
   0.    0.   99.    0.  100.  100.  100.    0.    0.   80.2   0.  100.
 100.  100.    0.  100.  100.  100.   81.2 100.    0.   55.2   0.   64.6]
epoch 79, loss: {'D': 41.58883939470564, 'E_pred': -5.713141763408203e-05, 'Q_u_x': -0.4113627587045942, 'Q_z_x_u': 1.672681518963405, 'P_z_x_u': -52.87269919259207, 'U_beta_R': 0.5032575854233333, 'U_concentrate': 7.399522032056536, 'R': 0.031415839679539204, 'P_beta_alpha': 1.6169349466051375}, lambda gan: 0.35
[Test][79] Accuracy: total average 54.0, test average 48.9, in each domain [ 20.8 100.    0.  100.    0.  100.  100.    0.    0.    0.   22.9   0.
 100.    0.   12.5 100.  100.  100.   61.5  15.6   0.   35.4 100.  100.
  51.   27.1 100.  100.    0.  100.  100.  100.  100.    0.    0.   10.4
   0.    0.  100.    0.  100.  100.  100.    0.    0.   81.2   0.  100.
 100.  100.    0.  100.  100.  100.   79.2 100.    0.   53.1   0.   67.7]
epoch 89, loss: {'D': 41.58882631574358, 'E_pred': -5.79378434589931e-05, 'Q_u_x': -0.3994765600987843, 'Q_z_x_u': 1.6897506032671248, 'P_z_x_u': -52.88979503086635, 'U_beta_R': 0.4994417279958725, 'U_concentrate': 7.399517910821097, 'R': 0.031269549791302, 'P_beta_alpha': 1.6127331001417977}, lambda gan: 0.35
[Test][89] Accuracy: total average 54.1, test average 49.0, in each domain [ 21.9 100.    0.  100.    0.  100.  100.    0.    0.    0.   18.8   0.
 100.    0.   13.5 100.  100.  100.   59.4  12.5   0.   37.5 100.  100.
  53.1  30.2 100.  100.    0.  100.  100.  100.  100.    0.    0.   12.5
   0.    0.   99.    0.  100.  100.  100.    0.    0.   81.2   0.  100.
 100.  100.    0.  100.  100.  100.   83.3 100.    0.   56.2   0.   67.7]
epoch 99, loss: {'D': 41.58887236458914, 'E_pred': -5.430542367841034e-05, 'Q_u_x': -0.399935992700713, 'Q_z_x_u': 1.7604758994919913, 'P_z_x_u': -52.96048709324428, 'U_beta_R': 0.5095112408910479, 'U_concentrate': 7.399514130183628, 'R': 0.030974568399999822, 'P_beta_alpha': 1.6099045872688293}, lambda gan: 0.35
[Test][99] Accuracy: total average 54.1, test average 49.0, in each domain [ 21.9 100.    0.  100.    0.  100.  100.    0.    0.    0.   20.8   0.
 100.    0.   13.5 100.  100.  100.   60.4  15.6   0.   37.5 100.  100.
  52.1  30.2 100.  100.    0.  100.  100.  100.  100.    0.    0.   12.5
   0.    0.   99.    0.  100.  100.  100.    0.    0.   80.2   0.  100.
 100.  100.    0.  100.  100.  100.   80.2 100.    0.   54.2   0.   65.6]
epoch 109, loss: {'D': 41.58879961286272, 'E_pred': -7.539586295024492e-05, 'Q_u_x': -0.39917690413338797, 'Q_z_x_u': 1.765193292072841, 'P_z_x_u': -52.96521077837263, 'U_beta_R': 0.5077378643410546, 'U_concentrate': 7.3995117119380405, 'R': 0.02898709169988121, 'P_beta_alpha': 1.6074103627886092}, lambda gan: 0.35
[Test][109] Accuracy: total average 53.9, test average 48.8, in each domain [ 20.8 100.    0.  100.    0.  100.  100.    0.    0.    0.   18.8   0.
 100.    0.   13.5 100.  100.  100.   58.3  15.6   0.   35.4 100.  100.
  54.2  27.1 100.  100.    0.  100.  100.  100.  100.    0.    0.    9.4
   0.    0.  100.    0.  100.  100.  100.    0.    0.   80.2   0.  100.
 100.  100.    0.  100.  100.  100.   82.3 100.    0.   53.1   0.   65.6]
epoch 119, loss: {'D': 41.588344301496235, 'E_pred': 0.0012605764611310275, 'Q_u_x': -0.4056727545601981, 'Q_z_x_u': 3.8240842819213867, 'P_z_x_u': -55.025451387677876, 'U_beta_R': 0.4947585548673357, 'U_concentrate': 7.399510792323521, 'R': 0.029574474186769555, 'P_beta_alpha': 1.60668911252703}, lambda gan: 0.35
[Test][119] Accuracy: total average 55.5, test average 50.5, in each domain [ 32.3 100.    0.  100.    0.  100.  100.    0.    0.    0.   19.8   0.
 100.    0.   20.8 100.  100.  100.   67.7  19.8   0.   51.  100.  100.
  57.3  33.3 100.  100.    0.  100.  100.  100.  100.    0.    0.   15.6
   0.    0.   99.    0.  100.  100.  100.    0.    0.   84.4   0.  100.
 100.  100.    0.  100.  100.  100.   88.5 100.    0.   62.5   0.   76. ]
epoch 129, loss: {'D': 41.589752469744, 'E_pred': -2.0639211567998116e-05, 'Q_u_x': -0.39707206189632416, 'Q_z_x_u': 3.895819698061262, 'P_z_x_u': -55.09582683018276, 'U_beta_R': 0.5010338702372142, 'U_concentrate': 7.399509566170829, 'R': 0.029023732324796065, 'P_beta_alpha': 1.605370819568634}, lambda gan: 0.35
[Test][129] Accuracy: total average 55.2, test average 50.2, in each domain [ 28.1 100.    0.  100.    0.  100.  100.    0.    0.    0.   24.    0.
 100.    0.   18.8 100.  100.  100.   66.7  18.8   0.   46.9 100.  100.
  56.2  33.3 100.  100.    0.  100.  100.  100.  100.    0.    0.   13.5
   0.    0.  100.    0.  100.  100.  100.    0.    0.   83.3   0.  100.
 100.  100.    0.  100.  100.  100.   86.5 100.    0.   60.4   0.   72.9]
epoch 139, loss: {'D': 41.58896854945591, 'E_pred': -5.159664085242964e-05, 'Q_u_x': -0.39664730216775623, 'Q_z_x_u': 4.109818271228245, 'P_z_x_u': -55.30982208251953, 'U_beta_R': 0.5033649270023618, 'U_concentrate': 7.39950806753976, 'R': 0.029003683610686233, 'P_beta_alpha': 1.6047825046948023}, lambda gan: 0.35
[Test][139] Accuracy: total average 55.1, test average 50.1, in each domain [ 28.1 100.    0.  100.    0.  100.  100.    0.    0.    0.   22.9   0.
 100.    0.   18.8 100.  100.  100.   62.5  17.7   0.   47.9 100.  100.
  56.2  33.3 100.  100.    0.  100.  100.  100.  100.    0.    0.   13.5
   0.    0.  100.    0.  100.  100.  100.    0.    0.   82.3   0.  100.
 100.  100.    0.  100.  100.  100.   87.5 100.    0.   61.5   0.   71.9]
epoch 149, loss: {'D': 41.59730502537319, 'E_pred': -4.98408712051709e-05, 'Q_u_x': -0.39722528202193125, 'Q_z_x_u': 3.9534707239695956, 'P_z_x_u': -55.153476987566265, 'U_beta_R': 0.49706180819443296, 'U_concentrate': 7.3995068073272705, 'R': 0.027257508864360198, 'P_beta_alpha': 1.6040407248905726}, lambda gan: 0.35
[Test][149] Accuracy: total average 54.8, test average 49.8, in each domain [ 26.  100.    0.  100.    0.  100.  100.    0.    0.    0.   19.8   0.
 100.    0.   18.8 100.  100.  100.   60.4  17.7   0.   43.8 100.  100.
  53.1  32.3 100.  100.    0.  100.  100.  100.  100.    0.    0.   15.6
   0.    0.  100.    0.  100.  100.  100.    0.    0.   83.3   0.  100.
 100.  100.    0.  100.  100.  100.   85.4 100.    0.   61.5   0.   69.8]
epoch 159, loss: {'D': 41.58985219682966, 'E_pred': -5.8588107224620346e-05, 'Q_u_x': -0.397334696991103, 'Q_z_x_u': 4.350357498441424, 'P_z_x_u': -55.550362723214285, 'U_beta_R': 0.5047336327178138, 'U_concentrate': 7.399506262370518, 'R': 0.027499040056552206, 'P_beta_alpha': 1.6034096394266402}, lambda gan: 0.35
[Test][159] Accuracy: total average 54.3, test average 49.2, in each domain [ 25.  100.    0.  100.    0.  100.  100.    0.    0.    0.   18.8   0.
 100.    0.   16.7 100.  100.  100.   59.4  14.6   0.   40.6 100.  100.
  55.2  28.1 100.  100.    0.  100.  100.  100.  100.    0.    0.   10.4
   0.    0.   99.    0.  100.  100.  100.    0.    0.   80.2   0.  100.
 100.  100.    0.  100.  100.  100.   82.3 100.    0.   58.3   0.   69.8]
epoch 169, loss: {'D': 41.5878004346575, 'E_pred': -7.64176883032113e-05, 'Q_u_x': -0.39354607250009266, 'Q_z_x_u': 4.35683057989393, 'P_z_x_u': -55.55683926173619, 'U_beta_R': 0.50432103233678, 'U_concentrate': 7.399505683353969, 'R': 0.028177088259586265, 'P_beta_alpha': 1.6031561664172582}, lambda gan: 0.35
[Test][169] Accuracy: total average 54.2, test average 49.2, in each domain [ 24.  100.    0.  100.    0.  100.  100.    0.    0.    0.   17.7   0.
 100.    0.   14.6 100.  100.  100.   59.4  16.7   0.   41.7 100.  100.
  53.1  28.1 100.  100.    0.  100.  100.  100.  100.    0.    0.   13.5
   0.    0.   99.    0.  100.  100.  100.    0.    0.   79.2   0.  100.
 100.  100.    0.  100.  100.  100.   81.2 100.    0.   57.3   0.   68.8]
epoch 179, loss: {'D': 41.588426045009065, 'E_pred': -5.855081066589004e-05, 'Q_u_x': -0.3935207596846989, 'Q_z_x_u': 4.240756699017116, 'P_z_x_u': -55.44076238359724, 'U_beta_R': 0.5023517715079444, 'U_concentrate': 7.399504525320871, 'R': 0.02798995016408818, 'P_beta_alpha': 1.602746946471078}, lambda gan: 0.35
[Test][179] Accuracy: total average 54.6, test average 49.5, in each domain [ 27.1 100.    0.  100.    0.  100.  100.    0.    0.    0.   21.9   0.
 100.    0.   15.6 100.  100.  100.   61.5  18.8   0.   41.7 100.  100.
  55.2  29.2 100.  100.    0.  100.  100.  100.  100.    0.    0.   12.5
   0.    0.   99.    0.  100.  100.  100.    0.    0.   80.2   0.  100.
 100.  100.    0.  100.  100.  100.   81.2 100.    0.   60.4   0.   69.8]
epoch 189, loss: {'D': 41.587151936122346, 'E_pred': -4.3563684812397696e-05, 'Q_u_x': -0.388586089015007, 'Q_z_x_u': 4.548462646348136, 'P_z_x_u': -55.74846676417759, 'U_beta_R': 0.5036093550068992, 'U_concentrate': 7.399503741945539, 'R': 0.027856151972498213, 'P_beta_alpha': 1.602550310747964}, lambda gan: 0.35
[Test][189] Accuracy: total average 54.5, test average 49.5, in each domain [ 27.1 100.    0.  100.    0.  100.  100.    0.    0.    0.   18.8   0.
 100.    0.   16.7 100.  100.  100.   60.4  16.7   0.   42.7 100.  100.
  56.2  28.1 100.  100.    0.  100.  100.  100.  100.    0.    0.   12.5
   0.    0.  100.    0.  100.  100.  100.    0.    0.   81.2   0.  100.
 100.  100.    0.  100.  100.  100.   82.3 100.    0.   59.4   0.   68.8]
epoch 199, loss: {'D': 41.59011486598423, 'E_pred': -6.691679508159203e-05, 'Q_u_x': -0.3997940080506461, 'Q_z_x_u': 4.524427737508502, 'P_z_x_u': -55.724430901663645, 'U_beta_R': 0.4899140809263502, 'U_concentrate': 7.399503435407366, 'R': 0.026921299286186695, 'P_beta_alpha': 1.6022803698267256}, lambda gan: 0.35
[Test][199] Accuracy: total average 54.4, test average 49.4, in each domain [ 27.1 100.    0.  100.    0.  100.  100.    0.    0.    0.   19.8   0.
 100.    0.   16.7 100.  100.  100.   60.4  16.7   0.   41.7 100.  100.
  54.2  27.1 100.  100.    0.  100.  100.  100.  100.    0.    0.   12.5
   0.    0.   99.    0.  100.  100.  100.    0.    0.   81.2   0.  100.
 100.  100.    0.  100.  100.  100.   84.4 100.    0.   57.3   0.   68.8]
epoch 209, loss: {'D': 41.587380817958284, 'E_pred': -7.238571041463209e-05, 'Q_u_x': -0.4009764620235988, 'Q_z_x_u': 4.4539879730769565, 'P_z_x_u': -55.653991971697124, 'U_beta_R': 0.4961833017213004, 'U_concentrate': 7.399502754211426, 'R': 0.026731722855142186, 'P_beta_alpha': 1.6021214893886022}, lambda gan: 0.35
[Test][209] Accuracy: total average 54.4, test average 49.3, in each domain [ 25.  100.    0.  100.    0.  100.  100.    0.    0.    0.   17.7   0.
 100.    0.   17.7 100.  100.  100.   58.3  15.6   0.   42.7 100.  100.
  54.2  28.1 100.  100.    0.  100.  100.  100.  100.    0.    0.   12.5
   0.    0.   99.    0.  100.  100.  100.    0.    0.   80.2   0.  100.
 100.  100.    0.  100.  100.  100.   82.3 100.    0.   57.3   0.   70.8]
epoch 219, loss: {'D': 41.58912113734654, 'E_pred': -6.020268171726327e-05, 'Q_u_x': -0.4008111378976277, 'Q_z_x_u': 4.578780514853341, 'P_z_x_u': -55.778787067958284, 'U_beta_R': 0.5032862595149449, 'U_concentrate': 7.399502345493862, 'R': 0.026530656032264233, 'P_beta_alpha': 1.601951505456652}, lambda gan: 0.35
[Test][219] Accuracy: total average 54.0, test average 48.9, in each domain [ 24.  100.    0.  100.    0.  100.  100.    0.    0.    0.   16.7   0.
 100.    0.   16.7 100.  100.  100.   59.4  14.6   0.   38.5 100.  100.
  52.1  26.  100.  100.    0.  100.  100.  100.  100.    0.    0.   11.5
   0.    0.   97.9   0.  100.  100.  100.    0.    0.   79.2   0.  100.
 100.  100.    0.  100.  100.  100.   83.3 100.    0.   56.2   0.   65.6]
epoch 229, loss: {'D': 41.5890143258231, 'E_pred': -4.999350871262972e-05, 'Q_u_x': -0.3940983031477247, 'Q_z_x_u': 4.358905383518764, 'P_z_x_u': -55.55891391209194, 'U_beta_R': 0.5026382633617946, 'U_concentrate': 7.399501868656704, 'R': 0.027191969832139357, 'P_beta_alpha': 1.6018296991075789}, lambda gan: 0.35
[Test][229] Accuracy: total average 53.9, test average 48.7, in each domain [ 21.9 100.    0.  100.    0.  100.  100.    0.    0.    0.   14.6   0.
 100.    0.   13.5 100.  100.  100.   57.3  14.6   0.   38.5 100.  100.
  54.2  27.1 100.  100.    0.  100.  100.  100.  100.    0.    0.   10.4
   0.    0.   96.9   0.  100.  100.  100.    0.    0.   79.2   0.  100.
 100.  100.    0.  100.  100.  100.   81.2 100.    0.   55.2   0.   66.7]
epoch 239, loss: {'D': 41.60356766836984, 'E_pred': -6.681707275544926e-05, 'Q_u_x': -0.39681321382522583, 'Q_z_x_u': 4.3102225576128275, 'P_z_x_u': -55.5102413722447, 'U_beta_R': 0.5024106630257198, 'U_concentrate': 7.399501255580357, 'R': 0.027074808787022318, 'P_beta_alpha': 1.6017641254833765}, lambda gan: 0.35
[Test][239] Accuracy: total average 53.6, test average 48.4, in each domain [ 19.8 100.    0.  100.    0.  100.  100.    0.    0.    0.   14.6   0.
 100.    0.   14.6 100.  100.  100.   57.3  13.5   0.   38.5 100.  100.
  52.1  25.  100.  100.    0.  100.  100.  100.  100.    0.    0.   11.5
   0.    0.   97.9   0.  100.  100.  100.    0.    0.   78.1   0.  100.
 100.  100.    0.  100.  100.  100.   78.1 100.    0.   51.    0.   61.5]
epoch 249, loss: {'D': 41.570373807634624, 'E_pred': -8.009683577776221e-05, 'Q_u_x': -0.4031251924378531, 'Q_z_x_u': 4.369996428489685, 'P_z_x_u': -55.57001004900251, 'U_beta_R': 0.4948232131344931, 'U_concentrate': 7.399500506264823, 'R': 0.0258163914882711, 'P_beta_alpha': 1.6016359669821603}, lambda gan: 0.35
[Test][249] Accuracy: total average 53.3, test average 48.1, in each domain [ 19.8 100.    0.  100.    0.  100.  100.    0.    0.    0.   12.5   0.
 100.    0.   13.5 100.  100.  100.   55.2  12.5   0.   36.5 100.  100.
  51.   24.  100.  100.    0.  100.  100.  100.  100.    0.    0.    9.4
   0.    0.   97.9   0.  100.  100.  100.    0.    0.   76.    0.  100.
 100.  100.    0.  100.  100.  100.   79.2 100.    0.   50.    0.   59.4]
epoch 259, loss: {'D': 41.572191510881694, 'E_pred': -7.600594991734917e-05, 'Q_u_x': -0.396847060748509, 'Q_z_x_u': 4.677579879760742, 'P_z_x_u': -55.87759045192173, 'U_beta_R': 0.49743221061570303, 'U_concentrate': 7.399500744683402, 'R': 0.026993286795914173, 'P_beta_alpha': 1.601518222263881}, lambda gan: 0.35
[Test][259] Accuracy: total average 53.6, test average 48.5, in each domain [ 19.8 100.    0.  100.    0.  100.  100.    0.    0.    0.   14.6   0.
 100.    0.   13.5 100.  100.  100.   58.3  12.5   0.   36.5 100.  100.
  53.1  26.  100.  100.    0.  100.  100.  100.  100.    0.    0.    9.4
   0.    0.   97.9   0.  100.  100.  100.    0.    0.   77.1   0.  100.
 100.  100.    0.  100.  100.  100.   81.2 100.    0.   52.1   0.   64.6]
epoch 269, loss: {'D': 41.571270261492046, 'E_pred': -7.618416878228475e-05, 'Q_u_x': -0.39477346198899405, 'Q_z_x_u': 4.487210699490139, 'P_z_x_u': -55.68722724914551, 'U_beta_R': 0.49982363837105886, 'U_concentrate': 7.399500676563808, 'R': 0.02663364540785551, 'P_beta_alpha': 1.6014187846864973}, lambda gan: 0.35
[Test][269] Accuracy: total average 52.5, test average 47.2, in each domain [ 14.6 100.    0.  100.    0.  100.  100.    0.    0.    0.    8.3   0.
 100.    0.    9.4 100.  100.  100.   57.3   7.3   0.   32.3 100.  100.
  43.8  21.9 100.  100.    0.  100.  100.  100.  100.    0.    0.    4.2
   0.    0.   96.9   0.  100.  100.  100.    0.    0.   71.9   0.  100.
 100.  100.    0.  100.  100.  100.   74.  100.    0.   46.9   0.   59.4]
epoch 279, loss: {'D': 41.57753808157785, 'E_pred': -6.925802725683232e-05, 'Q_u_x': -0.3974941053560802, 'Q_z_x_u': 4.658680507114956, 'P_z_x_u': -55.85870143345424, 'U_beta_R': 0.5015802383422852, 'U_concentrate': 7.399499688829694, 'R': 0.026439042229737555, 'P_beta_alpha': 1.6013102957180567}, lambda gan: 0.35
[Test][279] Accuracy: total average 52.4, test average 47.1, in each domain [ 15.6 100.    0.  100.    0.  100.  100.    0.    0.    0.    7.3   0.
 100.    0.   11.5 100.  100.  100.   55.2   8.3   0.   30.2 100.  100.
  45.8  20.8 100.  100.    0.  100.  100.  100.  100.    0.    0.    3.1
   0.    0.   96.9   0.  100.  100.  100.    0.    0.   71.9   0.  100.
 100.  100.    0.  100.  100.  100.   71.9 100.    0.   46.9   0.   58.3]
epoch 289, loss: {'D': 41.595872497558595, 'E_pred': -7.840701194557671e-05, 'Q_u_x': -0.3936010638872782, 'Q_z_x_u': 4.90742990175883, 'P_z_x_u': -56.10743967692057, 'U_beta_R': 0.5046474794546764, 'U_concentrate': 7.399499193827311, 'R': 0.026430108894904453, 'P_beta_alpha': 1.6012585957845051}, lambda gan: 0.35
[Test][289] Accuracy: total average 51.6, test average 46.2, in each domain [  9.4 100.    0.  100.    0.  100.  100.    0.    0.    0.    5.2   0.
 100.    0.    5.2 100.  100.  100.   53.1   3.1   0.   22.9 100.  100.
  43.8  20.8 100.  100.    0.  100.  100.  100.  100.    0.    0.    2.1
   0.    0.   93.8   0.  100.  100.  100.    0.    0.   68.8   0.  100.
 100.  100.    0.  100.  100.  100.   70.8 100.    0.   39.6   0.   55.2]
epoch 299, loss: {'D': 41.585680280412944, 'E_pred': -8.388929407893946e-05, 'Q_u_x': -0.3994105202811105, 'Q_z_x_u': 4.77777624130249, 'P_z_x_u': -55.97778402056013, 'U_beta_R': 0.5009811392852238, 'U_concentrate': 7.3994991438729425, 'R': 0.026156130779002393, 'P_beta_alpha': 1.6011973704610551}, lambda gan: 0.35
[Test][299] Accuracy: total average 51.7, test average 46.3, in each domain [ 10.4 100.    0.  100.    0.  100.  100.    0.    0.    0.    3.1   0.
 100.    0.    6.2 100.  100.  100.   54.2   4.2   0.   22.9 100.  100.
  42.7  20.8 100.  100.    0.  100.  100.  100.  100.    0.    0.    2.1
   0.    0.   94.8   0.  100.  100.  100.    0.    0.   68.8   0.  100.
 100.  100.    0.  100.  100.  100.   71.9 100.    0.   41.7   0.   56.2]
epoch 309, loss: {'D': 41.59386008126395, 'E_pred': -7.533278455542001e-05, 'Q_u_x': -0.39470237493515015, 'Q_z_x_u': 4.65446172441755, 'P_z_x_u': -55.854469299316406, 'U_beta_R': 0.5001826392752784, 'U_concentrate': 7.399498701095581, 'R': 0.02603466489485332, 'P_beta_alpha': 1.6011320352554321}, lambda gan: 0.35
[Test][309] Accuracy: total average 51.7, test average 46.3, in each domain [ 10.4 100.    0.  100.    0.  100.  100.    0.    0.    0.    4.2   0.
 100.    0.    7.3 100.  100.  100.   52.1   4.2   0.   24.  100.  100.
  44.8  18.8 100.  100.    0.  100.  100.  100.  100.    0.    0.    2.1
   0.    0.   95.8   0.  100.  100.  100.    0.    0.   68.8   0.  100.
 100.  100.    0.  100.  100.  100.   71.9 100.    0.   39.6   0.   56.2]
epoch 319, loss: {'D': 41.59477261134556, 'E_pred': -7.745765053966482e-05, 'Q_u_x': -0.39783733231680735, 'Q_z_x_u': 4.8598276036126276, 'P_z_x_u': -56.0598384312221, 'U_beta_R': 0.5048774714980807, 'U_concentrate': 7.3994987692151755, 'R': 0.025504890829324722, 'P_beta_alpha': 1.6010699953351701}, lambda gan: 0.35
[Test][319] Accuracy: total average 51.8, test average 46.5, in each domain [ 11.5 100.    0.  100.    0.  100.  100.    0.    0.    0.    4.2   0.
 100.    0.    8.3 100.  100.  100.   55.2   5.2   0.   25.  100.  100.
  42.7  21.9 100.  100.    0.  100.  100.  100.  100.    0.    0.    2.1
   0.    0.   95.8   0.  100.  100.   99.    0.    0.   69.8   0.  100.
 100.  100.    0.  100.  100.  100.   70.8 100.    0.   42.7   0.   56.2]
epoch 329, loss: {'D': 41.57155908857073, 'E_pred': -7.627614052450684e-05, 'Q_u_x': -0.396716513804027, 'Q_z_x_u': 4.474366733006069, 'P_z_x_u': -55.674381256103516, 'U_beta_R': 0.4995577165058681, 'U_concentrate': 7.399498462677002, 'R': 0.026552893354424408, 'P_beta_alpha': 1.601047830922263}, lambda gan: 0.35
[Test][329] Accuracy: total average 51.4, test average 46.0, in each domain [  9.4 100.    0.  100.    0.  100.  100.    0.    0.    0.    2.1   0.
 100.    0.    4.2 100.  100.  100.   53.1   2.1   0.   25.  100.  100.
  40.6  17.7 100.  100.    0.  100.  100.  100.  100.    0.    0.    2.1
   0.    0.   97.9   0.  100.  100.   99.    0.    0.   67.7   0.  100.
 100.  100.    0.  100.  100.  100.   69.8 100.    0.   41.7   0.   54.2]
epoch 339, loss: {'D': 41.56933784484863, 'E_pred': -5.421151503729301e-05, 'Q_u_x': -0.39722261258534025, 'Q_z_x_u': 4.074640154838562, 'P_z_x_u': -55.27465656825474, 'U_beta_R': 0.4953008145093918, 'U_concentrate': 7.399498224258423, 'R': 0.026828144943075522, 'P_beta_alpha': 1.6009730526379176}, lambda gan: 0.35
[Test][339] Accuracy: total average 51.6, test average 46.2, in each domain [  9.4 100.    0.  100.    0.  100.  100.    0.    0.    0.    4.2   0.
 100.    0.    5.2 100.  100.  100.   53.1   2.1   0.   22.9 100.  100.
  41.7  19.8 100.  100.    0.  100.  100.  100.  100.    0.    0.    2.1
   0.    0.   94.8   0.  100.  100.  100.    0.    0.   69.8   0.  100.
 100.  100.    0.  100.  100.  100.   72.9 100.    0.   42.7   0.   54.2]
epoch 349, loss: {'D': 41.584371021815706, 'E_pred': -6.945854725667491e-05, 'Q_u_x': -0.3967621070998056, 'Q_z_x_u': 4.171862159456525, 'P_z_x_u': -55.37188284737723, 'U_beta_R': 0.5048982373305729, 'U_concentrate': 7.3994983945574075, 'R': 0.02632529621145555, 'P_beta_alpha': 1.6009346672466822}, lambda gan: 0.35
[Test][349] Accuracy: total average 50.6, test average 45.1, in each domain [  5.2 100.    0.  100.    0.  100.  100.    0.    0.    0.    3.1   0.
 100.    0.    4.2 100.  100.  100.   47.9   3.1   0.   17.7 100.  100.
  34.4  15.6 100.  100.    0.  100.  100.  100.  100.    0.    0.    0.
   0.    0.   92.7   0.  100.  100.   96.9   0.    0.   60.4   0.  100.
 100.  100.    0.  100.  100.  100.   69.8 100.    0.   34.4   0.   51. ]
epoch 359, loss: {'D': 41.59570966448103, 'E_pred': -6.643567264420978e-05, 'Q_u_x': -0.3955618824277605, 'Q_z_x_u': 4.8732306616646905, 'P_z_x_u': -56.07324409484863, 'U_beta_R': 0.5027848184108734, 'U_concentrate': 7.399497781481061, 'R': 0.026122560458523885, 'P_beta_alpha': 1.6009365235056197}, lambda gan: 0.35
[Test][359] Accuracy: total average 50.7, test average 45.3, in each domain [  6.2 100.    0.  100.    0.  100.  100.    0.    0.    0.    3.1   0.
 100.    0.    4.2 100.  100.  100.   51.    1.    0.   18.8 100.  100.
  38.5  18.8 100.  100.    0.  100.  100.  100.  100.    0.    0.    0.
   0.    0.   92.7   0.  100.  100.   97.9   0.    0.   58.3   0.  100.
 100.  100.    0.  100.  100.  100.   67.7 100.    0.   33.3   0.   52.1]
epoch 369, loss: {'D': 41.590901783534456, 'E_pred': -5.703852782192241e-05, 'Q_u_x': -0.3968619001763208, 'Q_z_x_u': 5.145385520798819, 'P_z_x_u': -56.34540012904576, 'U_beta_R': 0.5003122644765037, 'U_concentrate': 7.399497815540859, 'R': 0.025392542327088968, 'P_beta_alpha': 1.6008785792759486}, lambda gan: 0.35
[Test][369] Accuracy: total average 50.6, test average 45.2, in each domain [  4.2 100.    0.  100.    0.  100.  100.    0.    0.    0.    4.2   0.
 100.    0.    3.1 100.  100.  100.   49.    1.    0.   15.6 100.  100.
  38.5  17.7 100.  100.    0.  100.  100.  100.  100.    0.    0.    0.
   0.    0.   93.8   0.  100.  100.   96.9   0.    0.   61.5   0.  100.
 100.  100.    0.  100.  100.  100.   65.6 100.    0.   36.5   0.   51. ]
epoch 379, loss: {'D': 41.584164483206614, 'E_pred': -8.386575895461387e-05, 'Q_u_x': -0.3993022995335715, 'Q_z_x_u': 5.260549170630319, 'P_z_x_u': -56.4605598449707, 'U_beta_R': 0.49899247927325113, 'U_concentrate': 7.399497883660453, 'R': 0.025925266423395703, 'P_beta_alpha': 1.6008543627602714}, lambda gan: 0.35
[Test][379] Accuracy: total average 50.4, test average 44.9, in each domain [  6.2 100.    0.  100.    0.  100.  100.    0.    0.    0.    1.    0.
 100.    0.    1.  100.  100.  100.   47.9   1.    0.   14.6 100.  100.
  36.5  14.6 100.  100.    0.  100.  100.  100.  100.    0.    0.    0.
   0.    0.   92.7   0.  100.  100.   96.9   0.    0.   58.3   0.  100.
 100.  100.    0.  100.  100.  100.   67.7 100.    0.   34.4   0.   51. ]
epoch 389, loss: {'D': 41.5827704838344, 'E_pred': -8.411348972003907e-05, 'Q_u_x': -0.39632126901830944, 'Q_z_x_u': 5.416367769241333, 'P_z_x_u': -56.61637714930943, 'U_beta_R': 0.5085343973977225, 'U_concentrate': 7.3994976452418735, 'R': 0.02614036401999848, 'P_beta_alpha': 1.6008311595235551}, lambda gan: 0.35
[Test][389] Accuracy: total average 50.4, test average 44.9, in each domain [  5.2 100.    0.  100.    0.  100.  100.    0.    0.    0.    1.    0.
 100.    0.    2.1 100.  100.  100.   46.9   1.    0.   14.6 100.   99.
  36.5  12.5 100.  100.    0.  100.  100.  100.  100.    0.    0.    0.
   0.    0.   94.8   0.  100.  100.   96.9   0.    0.   61.5   0.  100.
 100.  100.    0.  100.  100.  100.   66.7 100.    0.   34.4   0.   50. ]
epoch 399, loss: {'D': 41.576497486659456, 'E_pred': -6.371183761595083e-05, 'Q_u_x': -0.39785322334085194, 'Q_z_x_u': 5.387376819338117, 'P_z_x_u': -56.587389264787944, 'U_beta_R': 0.49735550369535175, 'U_concentrate': 7.399497372763498, 'R': 0.026162323808031424, 'P_beta_alpha': 1.6008121711867196}, lambda gan: 0.35
[Test][399] Accuracy: total average 50.1, test average 44.6, in each domain [  4.2 100.    0.  100.    0.  100.  100.    0.    0.    0.    1.    0.
 100.    0.    2.1 100.  100.  100.   46.9   1.    0.   12.5 100.   99.
  37.5  14.6 100.  100.    0.  100.  100.  100.  100.    0.    0.    0.
   0.    0.   92.7   0.  100.  100.   96.9   0.    0.   58.3   0.  100.
 100.  100.    0.  100.  100.  100.   62.5 100.    0.   31.2   0.   45.8]
epoch 409, loss: {'D': 41.58542578560965, 'E_pred': -6.0892340392066604e-05, 'Q_u_x': -0.3931926893336432, 'Q_z_x_u': 5.105005468641009, 'P_z_x_u': -56.30501937866211, 'U_beta_R': 0.5032689762966973, 'U_concentrate': 7.399497611182077, 'R': 0.025896081567874978, 'P_beta_alpha': 1.6007710695266724}, lambda gan: 0.35
[Test][409] Accuracy: total average 50.0, test average 44.4, in each domain [  3.1 100.    0.  100.    0.  100.  100.    0.    0.    0.    0.    0.
 100.    0.    0.  100.  100.  100.   49.    1.    0.   14.6 100.  100.
  35.4  11.5 100.  100.    0.  100.  100.  100.  100.    0.    0.    0.
   0.    0.   92.7   0.  100.  100.   96.9   0.    0.   58.3   0.   99.
 100.  100.    0.  100.  100.  100.   62.5 100.    0.   30.2   0.   45.8]
epoch 419, loss: {'D': 41.58389936174665, 'E_pred': -6.292631587712094e-05, 'Q_u_x': -0.39744994257177624, 'Q_z_x_u': 5.2393216746194025, 'P_z_x_u': -56.43933432442801, 'U_beta_R': 0.5029711936201368, 'U_concentrate': 7.399497440883091, 'R': 0.026340485284371034, 'P_beta_alpha': 1.6007476449012756}, lambda gan: 0.35
[Test][419] Accuracy: total average 49.8, test average 44.2, in each domain [  4.2 100.    0.  100.    0.  100.  100.    0.    0.    0.    0.    0.
 100.    0.    1.  100.  100.  100.   44.8   0.    0.   13.5 100.   97.9
  33.3  11.5 100.  100.    0.  100.  100.  100.  100.    0.    0.    0.
   0.    0.   92.7   0.  100.  100.   96.9   0.    0.   58.3   0.  100.
 100.  100.    0.  100.  100.  100.   61.5 100.    0.   28.1   0.   43.8]
epoch 429, loss: {'D': 41.594577244349885, 'E_pred': -7.081562892251116e-05, 'Q_u_x': -0.39554153808525633, 'Q_z_x_u': 5.288357240813119, 'P_z_x_u': -56.48837062290737, 'U_beta_R': 0.5007278599909374, 'U_concentrate': 7.399497032165527, 'R': 0.026529688787247454, 'P_beta_alpha': 1.600751621382577}, lambda gan: 0.35
[Test][429] Accuracy: total average 49.8, test average 44.2, in each domain [  4.2 100.    0.  100.    0.  100.  100.    0.    0.    0.    0.    0.
 100.    0.    1.  100.  100.  100.   44.8   0.    0.   11.5 100.  100.
  34.4  13.5 100.  100.    0.  100.  100.  100.  100.    0.    0.    0.
   0.    0.   92.7   0.  100.  100.   95.8   0.    0.   58.3   0.  100.
 100.  100.    0.  100.  100.  100.   58.3 100.    0.   29.2   0.   44.8]
epoch 439, loss: {'D': 41.590999603271484, 'E_pred': -5.695105872811317e-05, 'Q_u_x': -0.3977153556687491, 'Q_z_x_u': 5.23529441016061, 'P_z_x_u': -56.43530355181013, 'U_beta_R': 0.5018850075347083, 'U_concentrate': 7.399497066225324, 'R': 0.026278339991612092, 'P_beta_alpha': 1.6007305128233773}, lambda gan: 0.35
[Test][439] Accuracy: total average 49.7, test average 44.1, in each domain [  2.1 100.    0.  100.    0.  100.  100.    0.    0.    0.    0.    0.
 100.    0.    0.  100.  100.  100.   46.9   1.    0.   13.5 100.  100.
  33.3  12.5 100.   99.    0.  100.  100.  100.  100.    0.    0.    0.
   0.    0.   91.7   0.  100.  100.   94.8   0.    0.   55.2   0.   99.
 100.  100.    0.  100.  100.  100.   64.6 100.    0.   29.2   0.   40.6]
epoch 449, loss: {'D': 41.57896205357143, 'E_pred': -6.856139953015372e-05, 'Q_u_x': -0.397639485342162, 'Q_z_x_u': 5.01845509665353, 'P_z_x_u': -56.21846498761858, 'U_beta_R': 0.4955731949635914, 'U_concentrate': 7.399496964045933, 'R': 0.025764830144388334, 'P_beta_alpha': 1.6007094553538732}, lambda gan: 0.35
[Test][449] Accuracy: total average 49.5, test average 43.9, in each domain [  1.  100.    0.  100.    0.   97.9 100.    0.    0.    0.    0.    0.
 100.    0.    0.  100.  100.  100.   47.9   0.    0.   12.5 100.   99.
  35.4   7.3 100.   99.    0.  100.  100.  100.  100.    0.    0.    0.
   0.    0.   90.6   0.  100.  100.   94.8   0.    0.   54.2   0.   97.9
 100.  100.    0.  100.  100.  100.   62.5 100.    0.   31.2   0.   39.6]
epoch 459, loss: {'D': 41.594122477940154, 'E_pred': -8.222764414053277e-05, 'Q_u_x': -0.39513195199625833, 'Q_z_x_u': 5.461429289409092, 'P_z_x_u': -56.66143989562988, 'U_beta_R': 0.5009981223515102, 'U_concentrate': 7.399496998105731, 'R': 0.026146672666072845, 'P_beta_alpha': 1.6006941454751151}, lambda gan: 0.35
[Test][459] Accuracy: total average 49.3, test average 43.6, in each domain [  1.  100.    0.  100.    0.   96.9 100.    0.    0.    0.    0.    0.
 100.    0.    0.  100.  100.  100.   44.8   0.    0.   12.5 100.   96.9
  31.2   9.4 100.  100.    0.  100.  100.  100.  100.    0.    0.    0.
   0.    0.   89.6   0.  100.  100.   94.8   0.    0.   55.2   0.   99.
 100.  100.    0.  100.  100.  100.   56.2 100.    0.   28.1   0.   39.6]
epoch 469, loss: {'D': 41.587418692452566, 'E_pred': -6.748537374992989e-05, 'Q_u_x': -0.3916600091116769, 'Q_z_x_u': 5.3533092226300925, 'P_z_x_u': -56.55332619803293, 'U_beta_R': 0.500124990940094, 'U_concentrate': 7.399496861866543, 'R': 0.026058583786445006, 'P_beta_alpha': 1.6006754296166557}, lambda gan: 0.35
[Test][469] Accuracy: total average 49.2, test average 43.6, in each domain [  1.  100.    0.   99.    0.   95.8 100.    0.    0.    0.    1.    0.
 100.    0.    0.  100.  100.  100.   43.8   0.    0.   12.5 100.   97.9
  30.2  12.5 100.   99.    0.  100.  100.  100.  100.    0.    0.    0.
   0.    0.   89.6   0.  100.  100.   94.8   0.    0.   54.2   0.   97.9
 100.  100.    0.   99.  100.  100.   59.4 100.    0.   27.1   0.   38.5]
epoch 479, loss: {'D': 41.59224728175572, 'E_pred': -7.361140913937041e-05, 'Q_u_x': -0.39643925215516773, 'Q_z_x_u': 5.077494893755231, 'P_z_x_u': -56.27750260489328, 'U_beta_R': 0.5028823145798275, 'U_concentrate': 7.399496827806745, 'R': 0.025717499798962047, 'P_beta_alpha': 1.600669528756823}, lambda gan: 0.35
[Test][479] Accuracy: total average 49.0, test average 43.3, in each domain [  1.  100.    0.  100.    0.   97.9 100.    0.    0.    0.    0.    0.
 100.    0.    0.  100.  100.  100.   40.6   0.    0.   11.5 100.   95.8
  27.1   6.2 100.   99.    0.  100.  100.  100.  100.    0.    0.    0.
   0.    0.   91.7   0.  100.  100.   93.8   0.    0.   52.1   0.  100.
 100.  100.    0.  100.  100.  100.   58.3 100.    0.   28.1   0.   36.5]
epoch 489, loss: {'D': 41.594244548252654, 'E_pred': -7.491176490605409e-05, 'Q_u_x': -0.3966602768216814, 'Q_z_x_u': 5.13743908064706, 'P_z_x_u': -56.33745247977121, 'U_beta_R': 0.5006588867732457, 'U_concentrate': 7.399497168404715, 'R': 0.025842335474278246, 'P_beta_alpha': 1.6006513833999634}, lambda gan: 0.35
[Test][489] Accuracy: total average 48.9, test average 43.3, in each domain [  0.  100.    0.   99.    0.   95.8 100.    0.    0.    0.    0.    0.
 100.    0.    0.  100.  100.  100.   41.7   0.    0.   12.5 100.   96.9
  29.2   5.2 100.   99.    0.  100.  100.  100.  100.    0.    0.    0.
   0.    0.   89.6   0.  100.  100.   93.8   0.    0.   54.2   0.   97.9
 100.  100.    0.  100.  100.  100.   57.3 100.    0.   25.    0.   39.6]
epoch 499, loss: {'D': 41.5826301574707, 'E_pred': -7.1669350160976e-05, 'Q_u_x': -0.39403863889830454, 'Q_z_x_u': 5.232707568577358, 'P_z_x_u': -56.432716369628906, 'U_beta_R': 0.4984408766031265, 'U_concentrate': 7.399496725627354, 'R': 0.026211419541920935, 'P_beta_alpha': 1.6006514259747096}, lambda gan: 0.35
[Test][499] Accuracy: total average 48.9, test average 43.2, in each domain [  1.  100.    0.   99.    0.   96.9 100.    0.    0.    0.    0.    0.
 100.    0.    0.  100.  100.  100.   40.6   0.    0.   11.5 100.   96.9
  29.2   8.3 100.   99.    0.  100.  100.  100.  100.    0.    0.    0.
   0.    0.   89.6   0.  100.  100.   92.7   0.    0.   52.1   0.   99.
 100.  100.    0.  100.  100.  100.   55.2 100.    0.   25.    0.   35.4]
